414342, 0, 13:26:56,  9.8, 9.8, 0, 0, 0, 14, 24, 10, 300, 54, 890, 300, 54, 890, Pre-Launch, 2, 24, 140, 1, F
414342, 1, 13:27:56,  9.5, 9.6, 75, 75, 0, 14, 23, 9.5, 295, 54, 870, 300, 54, 890, Pre-Launch, 2, 24, 140, 1, F
414342, 2, 13:28:56,  9.3, 9.3, 150, 150, 0, 12, 22, 9.5, 290, 54, 875, 300, 54, 890, Launch, 2, 24, 140, 1, F
414342, 3, 13:29:57,  9.0, 9.0, 200, 200, 0, 11, 21, 9.3, 285, 50, 875, 300, 54, 890, Launch, 2, 24, 140, 1, F
414342, 4, 13:30:56,  8.6, 8.6, 300, 300, 7, 10, 22, 9.1, 282, 52, 870, 300, 54, 890, Launch, 2, 24, 140, 1, F
414342, 5, 13:31:57,  8.1, 8.1, 450, 450, 10, 7, 21, 9.0, 285, 52, 866, 300, 54, 890, Launch, 2, 24, 140, 1, F
414342, 6, 13:32:56,  8.0, 8.0, 500, 500, 13, 7, 20, 8.8, 290, 51, 860, 300, 54, 890, Launch, 3, 24, 140, 1, F
414342, 7, 13:33:58,  7.5, 8.0, 700, 700, 15, 7, 19, 8.5, 280, 50, 855, 300, 54, 890, Launch, 2, 20, 130, 1, F
414342, 8, 13:35:00,  7.5, 8.2, 600, 600, 19, 6, 19, 8.5, 275, 52, 855, 300, 54, 890, Released, 4, 22, 128 2, F
414342, 9, 13:36:00,  7.3, 8.5, 550, 580, 22, 6, 20, 8.3, 270, 54, 850, 300, 54, 890, Released, 4, 23, 130, 2, F
414342, 10, 13:37:01,  7, 8.8, 500, 570, 22, 4, 21, 8.3, 280, 50, 850, 300, 54, 890, Released, 1, 24, 127, 2, F
414342, 11, 13:38:00,  7, 8.9, 480, 550, 25, 4, 22, 8.3, 275, 50, 840, 300, 54, 890, Released, 1, 2, 125, 2, F